52.400528027 16.950179619
52.400527572 16.950178267
52.40052653 16.950178241
52.400526039 16.950176682
52.400525601 16.950173124
52.400526666 16.950173791
52.400527323 16.950165468
52.400527574 16.950152232
52.400527494 16.950140334
52.400527819 16.950139221
52.400527992 16.950138152
52.400528069 16.950136649
52.400528101 16.950135029
52.400527983 16.950133043
52.400527907 16.950131014
52.400527868 16.950130238
52.400527417 16.950130671
52.40052702 16.950133751
52.400526799 16.950137693
52.400526759 16.950142551
52.400526447 16.950143468
52.400526414 16.950145974
52.400526612 16.950150123
52.400526543 16.950151204
52.400526469 16.950150459
52.400527012 16.950152641
52.400527381 16.950152769
52.400527612 16.950149451
52.400528018 16.950145778
52.400528406 16.950141427
52.400529368 16.950150668
52.400529651 16.950144637
52.400529954 16.950139113
52.400530373 16.95013527
52.400531076 16.950132528
52.40053211 16.950136269
52.400533187 16.950140469
52.400534355 16.950141608
52.400535705 16.950144379
52.400537426 16.950149251
52.400538873 16.950154361
52.400540349 16.950155854
52.40054115 16.950157169
52.400541998 16.950155784
52.400542678 16.950153115
52.400543135 16.950149811
52.400543612 16.950147013
52.400543839 16.95014237
52.400544005 16.950137911
52.400544223 16.950132882
52.400544912 16.950131024
52.400545038 16.950129746
52.40054425 16.95012678
52.400543427 16.950119426
52.400542619 16.950114762
52.400541569 16.950109431
52.400540305 16.950104564
52.40053925 16.950102631
52.400538163 16.950100387
52.400538203 16.950106906
52.400537714 16.950108257
52.400538527 16.950118586
52.400538365 16.950123903
52.400538862 16.950132105
52.400538769 16.950135125
52.400538519 16.950134191
52.400536718 16.950119097
52.40053455 16.950098742
52.400532813 16.950076639
52.40053156 16.950062736
52.400530198 16.950049072
52.400530629 16.950052311
52.40053131 16.950060109
52.400531944 16.950067723
52.40053277 16.950076614
52.400533616 16.950085365
52.40053327 16.950084474
52.400531745 16.950067805
52.400532868 16.950078077
52.400533835 16.950086089
52.400534572 16.950089402
52.400534808 16.950087673
52.40053545 16.950090142
52.400535818 16.950091182
52.400536342 16.950093121
52.400537339 16.950099208
52.400537446 16.950096971
52.400537612 16.950095132
52.400537086 16.950086498
52.400536799 16.950080779
52.400537267 16.950076497
52.400538069 16.950074995
52.400538546 16.950077185
52.400538912 16.950079375
52.400537782 16.950066452
52.400536072 16.950055175
52.400534799 16.950054944
52.400532942 16.950042192
52.400532142 16.950044723
52.400530512 16.950041761
52.400529262 16.95003864
52.400528468 16.950036673
52.40052797 16.950037689
52.400526915 16.950030779
52.400525572 16.950017409
52.400526488 16.950029351
52.400526761 16.950036202
52.400526807 16.950045791
52.400527101 16.95005417
52.400526609 16.950051616
52.400527634 16.950063294
52.400527567 16.950061889
52.400527311 16.950058321
52.40052776 16.950062543
52.400527553 16.950059702
52.400527262 16.950059023
52.400526679 16.950056475
52.400527868 16.950061752
52.400528639 16.950064005
52.400528043 16.950049311
52.400528162 16.950041101
52.400528891 16.950038171
52.40052989 16.950038137
52.400530036 16.950030753
52.40053 16.950025098
52.400530024 16.950020317
52.400530575 16.950020162
52.400531299 16.950023209
52.400531416 16.950023477
52.40053114 16.950025792
52.400531064 16.950029703
52.400531471 16.95003299
52.400531709 16.950033472
52.400531744 16.950035519
52.400531634 16.95003671
52.400531183 16.950038122
52.4005295 16.950032384
52.400529149 16.950036517
52.400527063 16.950036647
52.400525695 16.950044109
52.400524961 16.950048522
52.400524369 16.950050839
52.400522318 16.950050938
52.400520346 16.950048648
52.40051952 16.950046608
52.400519356 16.950047348
52.40051936 16.950046317
52.40051988 16.950047142
52.400520467 16.950049135
52.400520803 16.950050102
52.400521322 16.950051099
52.400521356 16.95004981
52.400521872 16.950050477
52.400522729 16.950055843
52.400523364 16.950059448
52.400523966 16.950061313
52.400524616 16.950064101
52.400525811 16.950069852
52.400577915 16.951124444
52.400583707 16.951152881
52.400593233 16.951165138
52.400590849 16.951164353
52.400594109 16.95115678
52.400603831 16.9511565
52.400632238 16.951134037
52.400668532 16.951150165
52.400660301 16.951170338
52.400665523 16.951206978
52.40068765 16.951230397
52.400716678 16.951300137
52.400762843 16.951333625
52.400808541 16.951348705
52.400867236 16.95135417
52.400905442 16.951367375
52.400941592 16.951388051
52.400974954 16.951411682
52.400996898 16.95142452
52.401012872 16.951418665
52.401045783 16.951384393
52.40108049 16.951351244
52.401098725 16.951319562
52.401124148 16.95129946
52.401174139 16.951267964
52.401222869 16.951232151
52.401246779 16.951176826
52.401266472 16.951119046
52.401279207 16.95106436
52.40129763 16.9510077
52.401317285 16.950953451
52.401337071 16.950891501
52.401344924 16.950836917
52.401334054 16.950791979
52.401321623 16.950744342
52.401293238 16.95071152
52.401258453 16.950708462
52.401251269 16.950709675
52.401211007 16.950738875
52.40118092 16.950747685
52.401139417 16.950742679
52.401089939 16.95070659
52.401057563 16.950682235
52.401026579 16.950655119
52.400991513 16.950621634
52.400962303 16.950597691
52.400936901 16.950565009
52.40090765 16.950534733
52.400877099 16.95049838
52.400844552 16.950463809
52.400813859 16.950416962
52.400783997 16.950369507
52.400750771 16.950345239
52.400715575 16.950322788
52.400680949 16.95030571
52.400644916 16.950300239
52.400606866 16.950284811
52.400568062 16.950286252
52.400540482 16.950291175
52.400500827 16.950309569
52.40046645 16.950321639
52.400437203 16.950350857
52.400419057 16.950380307
52.400382029 16.950414871
52.400362215 16.950446319
52.400348243 16.95050573
52.400338974 16.950577003
52.40032388 16.950636147
52.400337687 16.950683022
52.400356032 16.950735079
52.400377105 16.950774508
52.400449827 16.95083629
52.400454684 16.950831164
52.400453544 16.950825889
52.400449402 16.950821651
52.400444251 16.950826483
52.400442868 16.950824814
52.400421971 16.950847035
52.40039408 16.950875895
52.400361115 16.950907147
52.400328736 16.950932266
52.400295088 16.950956393
52.400258769 16.950985829
52.400223954 16.951020008
52.400190155 16.951053888
52.400161189 16.951090479
52.400147722 16.951147295
52.40013736 16.951200492
52.400118137 16.951253782
52.400096893 16.951302379
52.4001052 16.951338115
52.400129287 16.951370149
52.400136109 16.951407351
52.400181705 16.951413306
52.400213247 16.951434137
52.400252601 16.951463351
52.400283527 16.951490349
52.400304663 16.951527756
52.400341457 16.951556194
52.400369196 16.951590208
52.400400852 16.951613561
52.400435805 16.951638196
52.400467333 16.951672198
52.400492666 16.951712182
52.400536046 16.951739502
52.40059584 16.951779514
52.400661255 16.951837082
52.400671678 16.951884985
52.400684473 16.951912369
52.400704641 16.951963037
52.400739488 16.951998196
52.400773132 16.952024731
52.40080792 16.952049087
52.400848556 16.952074623
52.400867537 16.952127227
52.400889493 16.952169733
52.400917124 16.952185311
52.400951477 16.952144049
52.400984246 16.952082112
52.401014254 16.952021336
52.401043857 16.951965175
52.401069662 16.951899867
52.401091758 16.951836537
52.401112955 16.951776378
52.401126987 16.951711185
52.401129572 16.951647166
52.401107489 16.951596365
52.401086722 16.951558898
52.401057919 16.951524446
52.401030034 16.951481628
52.400998861 16.95144051
52.400968369 16.951397224
52.400933839 16.951358217
52.4008974 16.951323661
52.400860972 16.951286699
52.400826197 16.951243639
52.400789432 16.951204214
52.400754794 16.951162669
52.400719394 16.95112352
52.400688803 16.951084443
52.400656289 16.951048992
52.400623263 16.951015944
52.400593377 16.950983441
52.400563638 16.950938405
52.400525844 16.950905653
52.400493505 16.950870893
52.400195175 16.950727406
52.400205813 16.951129455
52.400208321 16.950946059
52.400217766 16.950832138
52.400220848 16.950788521
52.400213888 16.95079785
52.40050327 16.950300078
52.400515952 16.950401486
52.400514798 16.95045575
52.400519825 16.950469592
52.400522025 16.950483401
52.400522977 16.950495109
52.400527713 16.950508103
52.400529137 16.950536063
52.400528393 16.950570448
52.400522974 16.950595213
52.400518627 16.950614743
52.400517256 16.950632999
52.400516366 16.9506515
52.400515854 16.950673359
52.40051483 16.95068499
52.400515242 16.95069797
52.400510652 16.950717577
52.400510795 16.950697045
52.400510818 16.950728819
52.400509738 16.950739208
52.400508973 16.950735495
52.400510802 16.950749341
52.400516394 16.950713532
52.40052103 16.950698657
52.400521945 16.950677817
52.400523089 16.9506635
52.400521248 16.950652293
52.400519199 16.950635785
52.400517092 16.950625824
52.400514858 16.950623754
52.400512816 16.950617974
52.400510326 16.950614243
52.400506344 16.950612866
52.400502654 16.950609827
52.400499692 16.950606644
52.400477229 16.950543023
52.400475378 16.950530223
52.400473624 16.950524801
52.400470706 16.950521217
52.400468613 16.950514192
52.400466221 16.950496238
52.40046375 16.950486095
52.400461549 16.950474865
52.40045963 16.950459894
52.400458692 16.95044943
52.400454425 16.950451175
52.400450022 16.950450944
52.400447799 16.950444791
52.400446083 16.950442
52.400444279 16.950441714
52.400442964 16.950436743
52.400442464 16.950433871
52.400442863 16.950426875
52.400443577 16.950414373
52.400444093 16.950398385
52.400443683 16.950386435
52.400444007 16.950369859
52.400445159 16.95034614
52.400446281 16.950327904
52.400446775 16.950306329
52.400447574 16.950284761
52.400448014 16.950265331
52.40044828 16.9502384
52.400447508 16.950209976
52.400446759 16.950167709
